0.310851,0.0200263,0.233487,0.18023,0.0154584,0.239947
0.217818,0.365461,0.0961149,0.0214039,0.0813846,0.217818
0.269212,0.226357,0.183825,0.0230326,0.0283616,0.269212
0.0770913,0.409857,0.408565,0.00161624,0.0257784,0.0770913
0.295717,0.191838,0.191838,0.0124445,0.0124445,0.295717
0.077536,0.446746,0.383272,0.000404061,0.0145054,0.077536
0.0584855,0.49008,0.38307,0.00020203,0.00967708,0.0584855
0.00353553,0.0443913,0.947769,4.76292e-005,0.000720862,0.00353553
0.215925,0.0925395,0.370929,0.0121414,0.0925395,0.215925
0.0786792,0.464115,0.370829,9.93815e-005,0.00759786,0.0786792
0.0539201,0.516171,0.37078,4.96908e-005,0.00515937,0.0539201
0.00246959,0.0402377,0.954482,1.21739e-005,0.00032938,0.00246959
0.0372385,0.551642,0.370755,2.48445e-005,0.00310147,0.0372385
0.00129782,0.0286436,0.96862,4.19787e-006,0.000136357,0.00129782
0.00071379,0.0177645,0.980732,2.3581e-006,7.30578e-005,0.00071379
1.76029e-006,8.51351e-005,0.999911,3.12428e-009,7.34515e-008,1.76029e-006
0.314623,0.287546,0.0772256,0.00126682,0.00471694,0.314623
0.0794729,0.472408,0.364747,2.45412e-005,0.00387499,0.0794729
0.0517982,0.529002,0.364734,1.22706e-005,0.00265472,0.0517982
0.00190015,0.0380306,0.95801,3.07084e-006,0.000155978,0.00190015
0.0327496,0.568159,0.364728,6.13526e-006,0.00160757,0.0327496
0.000858161,0.0251106,0.973113,1.03618e-006,5.89812e-005,0.000858161
0.000460444,0.0150609,0.983987,5.76113e-007,3.10069e-005,0.000460444
5.11396e-007,3.77339e-005,0.999961,5.17089e-010,1.86773e-008,5.11396e-007
0.0212861,0.591805,0.364725,3.06761e-006,0.000894936,0.0212861
0.000403833,0.0166509,0.98252,3.20062e-007,2.1548e-005,0.000403833
0.000217172,0.00985532,0.989699,1.77533e-007,1.13554e-005,0.000217172
1.40411e-007,1.34447e-005,0.999986,7.20266e-011,3.34844e-009,1.40411e-007
0.000114374,0.00570217,0.994063,9.42666e-008,5.85968e-006,0.000114374
6.20415e-008,6.4959e-006,0.999993,1.96788e-011,9.40261e-010,6.20415e-008
5.47315e-008,6.17845e-006,0.999994,9.84812e-012,4.70458e-010,5.47315e-008
4.92656e-012,4.70794e-010,1,5.96677e-019,5.6172e-017,4.92656e-012
0.0397047,0.277933,0.361756,0.00296887,0.277933,0.0397047
0.0799222,0.476444,0.36175,6.09135e-006,0.00195508,0.0799222
0.0507816,0.535341,0.361747,3.04568e-006,0.00134533,0.0507816
0.00160605,0.0369027,0.959809,7.70704e-007,7.57151e-005,0.00160605
0.0305198,0.576396,0.361746,1.52284e-006,0.000817665,0.0305198
0.000636058,0.0232691,0.975431,2.5732e-007,2.707e-005,0.000636058
0.000334568,0.0136493,0.985667,1.42288e-007,1.40516e-005,0.000334568
1.75273e-007,1.8539e-005,0.999981,9.8359e-011,5.68508e-009,1.75273e-007
0.0182448,0.601309,0.361745,7.61416e-007,0.000456299,0.0182448
0.000258152,0.0142706,0.985204,7.75416e-008,9.03401e-006,0.000258152
0.000136574,0.00830349,0.991419,4.25457e-008,4.68441e-006,0.000136574
4.03472e-008,5.80137e-006,0.999994,1.14237e-011,8.17672e-010,4.03472e-008
7.0767e-005,0.00465799,0.995198,2.24573e-008,2.39353e-006,7.0767e-005
1.65237e-008,2.71794e-006,0.999997,3.05258e-012,2.21891e-010,1.65237e-008
1.39042e-008,2.55596e-006,0.999997,1.52731e-012,1.10997e-010,1.39042e-008
7.635e-013,1.94489e-006,0.999998,2.17741e-023,3.51957e-018,7.635e-013
0.0114282,0.615157,0.361744,3.80708e-007,0.000241919,0.0114282
0.000113555,0.00904206,0.990728,2.23e-008,3.05544e-006,0.000113555
6.0403e-005,0.00522422,0.994653,1.22718e-008,1.59493e-006,6.0403e-005
1.00463e-008,1.90673e-006,0.999998,1.38912e-012,1.28531e-010,1.00463e-008
3.14099e-005,0.00290206,0.997034,6.48285e-009,8.18951e-007,3.14099e-005
4.32936e-009,9.08976e-007,0.999999,3.74278e-013,3.5152e-011,4.32936e-009
3.79033e-009,8.63998e-007,0.999999,1.87218e-013,1.75815e-011,3.79033e-009
9.32032e-014,1.75848e-011,1,7.8855e-022,1.47518e-019,9.32032e-014
1.62189e-005,0.00161924,0.998348,3.33819e-009,4.15583e-007,1.62189e-005
1.96893e-009,4.41518e-007,1,9.80624e-014,9.44648e-012,1.96893e-009
1.82041e-009,4.28557e-007,1,4.90429e-014,4.72411e-012,1.82041e-009
2.45914e-014,0.5,0.5,3.00651e-028,1.92037e-020,2.45914e-014
1.74614e-009,4.22075e-007,1,2.45244e-014,2.36228e-012,1.74614e-009
1.2379e-014,4.2557e-007,1,1.50361e-028,9.34467e-021,1.2379e-014
1.16018e-014,5.45067e-008,1,2.33617e-021,2.33616e-021,1.16018e-014
5.55112e-017,5.45068e-008,1,1.27761e-047,6.50644e-034,5.55112e-017
0.12016,0.198968,0.360266,0.00147853,0.198968,0.12016
0.0801595,0.478433,0.360264,1.51699e-006,0.000981751,0.0801595
0.0502848,0.538489,0.360264,7.58493e-007,0.000677048,0.0502848
0.00145665,0.0363337,0.960715,1.93022e-007,3.72787e-005,0.00145665
0.0294097,0.580505,0.360263,3.79246e-007,0.000412256,0.0294097
0.000524388,0.0223308,0.976607,6.4111e-008,1.2916e-005,0.000524388
0.000271801,0.0129295,0.98652,3.53508e-008,6.65468e-006,0.000271801
7.62148e-008,1.01384e-005,0.99999,2.08704e-011,2.04033e-009,7.62148e-008
0.0167216,0.606063,0.360263,1.89623e-007,0.00023034,0.0167216
0.000187114,0.0130515,0.98657,1.90766e-008,4.07037e-006,0.000187114
9.74439e-005,0.00750907,0.992294,1.04059e-008,2.08763e-006,9.74439e-005
1.38782e-008,2.81293e-006,0.999997,2.11862e-012,2.42751e-010,1.38782e-008
4.99016e-005,0.00412359,0.995776,5.47494e-009,1.05937e-006,4.99016e-005
5.07594e-009,1.26317e-006,0.999999,5.57294e-013,6.41918e-011,5.07594e-009
3.91283e-009,1.16137e-006,0.999999,2.78801e-013,3.21058e-011,3.91283e-009
1.39333e-013,5.88541e-007,0.999999,2.25722e-024,2.8887e-019,1.39333e-013
0.00966205,0.620291,0.360263,9.48115e-008,0.000122207,0.00966205
7.12355e-005,0.00764739,0.992209,5.34726e-009,1.25924e-006,7.12355e-005
3.74134e-005,0.00438058,0.995544,2.91132e-009,6.47924e-007,3.74134e-005
2.86596e-009,8.10578e-007,0.999999,2.15072e-013,3.06403e-011,2.86596e-009
1.92589e-005,0.0023943,0.997567,1.52907e-009,3.29727e-007,1.92589e-005
1.14748e-009,3.7547e-007,1,5.6918e-014,8.18421e-012,1.14748e-009
9.56972e-010,3.5261e-007,1,2.84683e-014,4.09298e-012,9.56972e-010
1.42342e-014,1.78223e-007,1,2.93327e-026,8.96745e-021,1.42342e-014
9.82433e-006,0.00129743,0.998683,7.84991e-010,1.66492e-007,9.82433e-006
4.94776e-010,1.79134e-007,1,1.47127e-014,2.14543e-012,4.94776e-010
4.43899e-010,1.72815e-007,1,7.35764e-015,1.07285e-012,4.43899e-010
3.33067e-015,8.72964e-008,1,1.98694e-027,1.11555e-021,3.33067e-015
4.18458e-010,1.69655e-007,1,3.67915e-015,5.36456e-013,4.18458e-010
2.10942e-015,0.5,0.5,1.69202e-030,5.3819e-022,2.10942e-015
2.10942e-015,0.5,0.5,6.72737e-023,2.01821e-022,2.10942e-015
1.66533e-016,2.63678e-016,1,4.96681e-037,4.23005e-031,1.66533e-016
0.00592843,0.627817,0.360263,4.74057e-008,6.30082e-005,0.00592843
3.01767e-005,0.00472122,0.995218,1.47562e-009,4.07824e-007,3.01767e-005
1.59644e-005,0.00269456,0.997273,8.08458e-010,2.11797e-007,1.59644e-005
6.74438e-010,2.54557e-007,1,2.42249e-014,4.47274e-012,6.74438e-010
8.2528e-006,0.00146528,0.998518,4.25854e-010,1.08464e-007,8.2528e-006
2.86729e-010,1.20481e-007,1,6.4814e-015,1.20749e-012,2.86729e-010
2.49989e-010,1.14474e-007,1,3.24137e-015,6.03832e-013,2.49989e-010
1.44329e-015,2.86174e-017,1,1.86429e-022,1.50951e-022,1.44329e-015
4.22247e-006,0.000787532,0.999204,2.1892e-010,5.4967e-008,4.22247e-006
1.29199e-010,5.82712e-008,1,1.68613e-015,3.18352e-013,1.29199e-010
1.19373e-010,5.66194e-008,1,8.4316e-016,1.59189e-013,1.19373e-010
4.44089e-016,1.43938e-008,1,5.0511e-029,4.29796e-023,4.44089e-016
1.14459e-010,5.57934e-008,1,4.21604e-016,7.9598e-014,1.14459e-010
3.33067e-016,0.5,0.5,2.22187e-032,2.09219e-023,3.33067e-016
5e-021,5.60224e-008,1,2.22187e-032,1.0461e-023,5e-021
5e-021,1.04616e-023,1,2.73584e-047,6.22477e-040,5e-021
2.16042e-006,0.000431572,0.999564,1.11039e-010,2.76804e-008,2.16042e-006
6.084e-011,2.86069e-008,1,4.33035e-016,8.37698e-014,6.084e-011
5.81922e-011,2.81437e-008,1,2.16531e-016,4.18869e-014,5.81922e-011
7.15235e-009,0.5,0.5,5.86069e-033,3.40703e-030,5.0055e-021
5.68681e-011,2.79121e-008,1,1.08269e-016,2.0944e-014,5.68681e-011
5e-021,7.09178e-009,1,8.53271e-031,2.70832e-024,5e-021
0.375,0.25,0.375,7.122e-026,1.4244e-025,1.00011e-020
0.375,0.25,0.375,5.2178e-059,1.04356e-058,5e-021
5.62085e-011,2.77963e-008,1,5.41352e-017,1.04721e-014,5.62085e-011
5.55112e-017,2.09596e-008,1,7.15963e-032,1.34407e-024,5.55112e-017
0.125,0.625,0.25,9.15817e-035,5.04027e-025,5.00017e-021
0.125,0.625,0.25,8.38721e-069,5.6454e-050,5e-021
1.66533e-015,1.04798e-008,1,1.68007e-025,1.68007e-025,1.66533e-015
5e-021,2.09596e-008,1,8.00941e-065,7.84459e-040,5e-021
2.22045e-016,7.85987e-009,1,8.87311e-041,2.66193e-040,2.22045e-016
1.66533e-016,7.85987e-009,1,3.33537e-098,3.94045e-056,1.66533e-016
0.239901,0.0799671,0.359525,0.000737774,0.0799671,0.239901
0.0802813,0.47942,0.359525,3.78493e-007,0.000491905,0.0802813
0.0500393,0.540057,0.359525,1.89246e-007,0.000339606,0.0500393
0.00138136,0.0360481,0.961171,4.8297e-008,1.84934e-005,0.00138136
0.028856,0.582556,0.359524,9.46232e-008,0.000206977,0.028856
0.000468393,0.0218574,0.977199,1.60002e-008,6.30162e-006,0.000468393
0.000240456,0.0125661,0.98695,8.80988e-009,3.23359e-006,0.000240456
4.35168e-008,6.2454e-006,0.999994,4.76217e-012,8.33713e-010,4.35168e-008
0.0159596,0.608441,0.359524,4.73116e-008,0.000115715,0.0159596
0.000152042,0.0124349,0.987259,4.73061e-009,1.92212e-006,0.000152042
7.81688e-005,0.00710734,0.992735,2.57262e-009,9.79419e-007,7.81688e-005
6.08535e-009,1.53255e-006,0.999998,4.42955e-013,8.5761e-011,6.08535e-009
3.9702e-005,0.00385338,0.996067,1.35128e-009,4.94935e-007,3.9702e-005
1.94108e-009,6.47121e-007,0.999999,1.15335e-013,2.22622e-011,1.94108e-009
1.30983e-009,5.71084e-007,0.999999,5.76956e-014,1.11333e-011,1.30983e-009
2.81442e-014,5.73715e-007,0.999999,8.32196e-028,3.11642e-020,2.81442e-014
0.00877723,0.62286,0.359524,2.36558e-008,6.14143e-005,0.00877723
5.10013e-005,0.00694102,0.992956,1.30839e-009,5.61578e-007,5.10013e-005
2.64178e-005,0.00395349,0.995993,7.08239e-010,2.86103e-007,2.64178e-005
9.86149e-010,3.90086e-007,1,3.93143e-014,8.96273e-012,9.86149e-010
1.34779e-005,0.00213733,0.997836,3.708e-010,1.44681e-007,1.34779e-005
3.53579e-010,1.73349e-007,1,1.02632e-014,2.34694e-012,3.53579e-010
2.69702e-010,1.59021e-007,1,5.13301e-015,1.17364e-012,2.69702e-010
1.9984e-015,1.19806e-007,1,7.59627e-028,7.26393e-022,1.9984e-015
6.82237e-006,0.0011346,0.998852,1.90046e-010,7.27952e-008,6.82237e-006
1.3895e-010,8.04968e-008,1,2.62904e-015,6.04547e-013,1.3895e-010
1.17043e-010,7.6647e-008,1,1.31471e-015,3.02298e-013,1.17043e-010
7.77156e-016,0.5,0.5,2.16059e-031,8.5943e-023,7.77156e-016
1.06088e-010,7.47216e-008,1,6.57405e-016,1.51155e-013,1.06088e-010
4.44089e-016,0.5,0.5,5.40226e-032,4.06724e-023,4.44089e-016
2.77556e-016,1.85806e-010,1,4.38383e-027,2.03318e-023,2.77556e-016
1.39356e-010,0.5,0.5,2.40224e-054,1.11438e-050,5e-021
0.00497667,0.630491,0.359524,1.18279e-008,3.16705e-005,0.00497667
1.87426e-005,0.00396439,0.995998,3.51889e-010,1.66563e-007,1.87426e-005
9.80707e-006,0.00225287,0.997727,1.90785e-010,8.53505e-008,9.80707e-006
1.91581e-010,1.07361e-007,1,3.70254e-015,1.05232e-012,1.91581e-010
5.0323e-006,0.00121498,0.998775,9.99312e-011,4.33422e-008,5.0323e-006
7.57966e-011,4.94318e-008,1,9.75003e-016,2.78875e-013,7.57966e-011
6.29132e-011,4.63876e-008,1,4.8758e-016,1.39452e-013,6.29132e-011
2.33198e-008,0.5,0.5,2.97168e-032,1.70282e-029,5.02012e-021
2.55641e-006,0.000642871,0.999352,5.12228e-011,2.18614e-008,2.55641e-006
3.23933e-011,2.34981e-008,1,2.51031e-016,7.23599e-014,3.23933e-011
2.90113e-011,2.26799e-008,1,1.25526e-016,3.6182e-014,2.90113e-011
2.22045e-016,2.27379e-008,1,3.93921e-033,2.47712e-024,2.22045e-016
2.73195e-011,2.22707e-008,1,6.27659e-017,1.80915e-014,2.73195e-011
2.23254e-008,0.5,0.5,4.92444e-034,4.92444e-034,5.00119e-021
3e-021,2e-021,1,5.97486e-025,2e-021,3e-021
5e-021,3.51225e-017,1,4.46237e-050,5.98783e-040,5e-021
1.29469e-006,0.000342438,0.999655,2.59424e-011,1.09816e-008,1.29469e-006
1.47496e-011,1.14231e-008,1,6.38849e-017,1.86608e-014,1.47496e-011
1.38624e-011,1.12024e-008,1,3.19439e-017,9.3307e-015,1.38624e-011
1.11022e-016,1.55291e-019,1,1.79389e-025,1.29345e-025,1.11022e-016
1.34184e-011,1.1092e-008,1,1.59723e-017,4.66542e-015,1.34184e-011
2.22045e-016,1.48836e-019,1,8.88024e-026,6.26019e-026,2.22045e-016
9.4369e-016,0.5,0.5,5.49469e-029,7.56454e-026,9.4369e-016
1.66533e-016,1.33227e-015,1,2.44013e-044,6.74674e-041,1.66533e-016
1.31967e-011,1.10368e-008,1,7.98626e-018,2.33273e-015,1.31967e-011
1.66533e-016,5.54481e-009,1,4.67339e-033,7.49622e-026,1.66533e-016
5e-021,4.15201e-009,1,1.87406e-026,1.87405e-026,5e-021
5.55112e-017,4.15201e-009,1,1.09851e-059,4.86791e-042,5.55112e-017
3.75e-021,0.5,0.5,9.37028e-027,1.25001e-021,3.75e-021
8.33333e-022,0.5,0.5,4.3901e-053,4.16667e-021,8.33333e-022
1.5e-021,0.5,0.5,1.22619e-042,3.5e-021,1.5e-021
5e-021,0.5,0.5,7.51773e-085,2.45248e-062,5e-021
0.0030203,0.634419,0.359524,5.91395e-009,1.60862e-005,0.0030203
7.78286e-006,0.00241362,0.997571,9.4968e-011,5.2714e-008,7.78286e-006
4.10612e-006,0.00136906,0.998623,5.19091e-011,2.73036e-008,4.10612e-006
4.37333e-011,3.29083e-008,1,4.00374e-016,1.47682e-013,4.37333e-011
2.11664e-006,0.000736418,0.999259,2.73011e-011,1.39634e-008,2.11664e-006
1.84619e-011,1.55173e-008,1,1.06743e-016,3.96136e-014,1.84619e-011
1.60619e-011,1.47404e-008,1,5.3377e-017,1.98082e-014,1.60619e-011
5.55112e-017,2.95949e-020,1,6.72745e-025,3.97698e-026,5.55112e-017
1.07825e-006,0.000387987,0.99961,1.40225e-011,7.07141e-009,1.07825e-006
8.27843e-012,7.48843e-009,1,2.76735e-017,1.03458e-014,8.27843e-012
7.64644e-012,7.27994e-009,1,1.38375e-017,5.17311e-015,7.64644e-012
5.55112e-016,5.47525e-009,1,8.99575e-033,9.00342e-026,5.55112e-016
7.32919e-012,7.17568e-009,1,6.91894e-018,2.58661e-015,7.32919e-012
5e-021,0.5,0.5,5.98397e-036,4.38344e-026,5e-021
4.44089e-016,0.5,0.5,1.30973e-029,2.19035e-026,4.44089e-016
5e-021,3.9189e-015,1,1.71539e-058,1.46333e-041,5e-021
5.47317e-007,0.000205102,0.999794,7.10898e-012,3.5598e-009,5.47317e-007
3.887e-012,3.67169e-009,1,7.07198e-018,2.67748e-015,3.887e-012
3.72119e-012,3.61575e-009,1,3.53609e-018,1.33877e-015,3.72119e-012
3.33067e-016,3.62319e-009,1,3.12598e-036,1.13879e-026,3.33067e-016
3.63864e-012,3.58777e-009,1,1.76807e-018,6.69393e-016,3.63864e-012
2.69811e-009,0.5,0.5,3.90759e-037,1.48332e-034,5.00001e-021
0.125,0.5,0.375,3.50886e-028,1.75443e-027,5e-021
0.125,0.625,0.25,9.54329e-075,9.84967e-055,5e-021
3.59429e-012,1.40333e-011,1,9.20396e-017,2.43543e-016,3.59429e-012
5e-021,5.04423e-023,1,9.76672e-028,8.75404e-028,5e-021
1.06975e-011,0.125,0.875,4.07873e-033,1.18309e-033,1e-020
1.06975e-011,0.25,0.75,1.32287e-066,5.59883e-066,5e-021
1.43046e-023,1.33719e-012,1,8.75e-021,1.25e-021,2.67437e-032
0.5,0.25,0.25,4.32606e-067,4.32606e-067,5e-021
1.06984e-011,0.25,0.75,6.4891e-067,2.16303e-067,1e-020
6.68649e-012,0.5,0.5,9.35742e-134,1.62227e-087,5e-021
2.78807e-007,0.000111406,0.999888,3.57955e-012,1.78614e-009,2.78807e-007
1.87833e-012,1.8171e-009,1,1.79884e-018,6.97397e-016,1.87833e-012
1.83442e-012,1.80162e-009,1,8.99432e-019,3.48703e-016,1.83442e-012
9.04482e-010,0.5,0.5,1.01122e-037,7.85097e-035,4.54716e-019
1.81266e-012,7.76556e-012,1,5.03049e-017,1.24497e-016,1.81266e-012
1.13912e-011,0.5,0.5,3.16322e-034,3.16322e-034,5e-021
1.11022e-016,0.375,0.625,9.60316e-029,1.60052e-028,1.11022e-016
6.24505e-016,0.25,0.75,2.02513e-062,6.5848e-051,5e-021
1.80223e-012,1.79001e-009,1,2.24861e-019,8.71765e-017,1.80223e-012
5e-021,8.06551e-022,1,3.195e-028,3.92803e-029,5e-021
1.11022e-016,0.875,0.125,7.90036e-040,1.7938e-028,1.11022e-016
0.375,0.5,0.125,1.24831e-078,2.12575e-067,5e-021
5e-021,5.63321e-013,1,6.72844e-029,2.24155e-029,5e-021
1.25e-021,0.5,0.5,2.51653e-058,3.75e-021,1.25e-021
2.5e-021,1.5e-021,1,1e-021,1.5e-021,2.5e-021
3.125e-021,1.25e-021,1,6.25e-022,1.25e-021,3.125e-021
1.6212e-012,1.80134e-013,1,4.37007e-017,1.80134e-013,1.6212e-012
3.54661e-012,0.765625,0.234375,5.78151e-035,6.15458e-031,2.39489e-018
1.30141e-016,0.617188,0.382812,7.50661e-035,3.93625e-029,1.19216e-016
2.49363e-016,0.234375,0.765625,7.3599e-069,3.87352e-058,5e-021
1.5e-021,0.5,0.5,2.50027e-023,3.525e-021,1.5e-021
3.125e-021,1.25e-021,1,6.25e-022,1.25e-021,3.125e-021
0.5,0.25,0.25,1.89112e-061,1.92208e-054,1e-020
0.125,0.75,0.125,1.78818e-122,7.38879e-108,5e-021
1.27676e-015,0.5,0.5,6.83729e-030,9.99296e-030,1.27676e-015
3.93468e-008,0.5,0.5,2.33743e-059,3.41624e-059,5e-021
1.5e-020,5.24624e-008,1,7.47413e-045,7.47413e-045,1.5e-020
5e-021,2.62312e-008,1,1.11644e-103,1.50527e-064,5e-021
1.77636e-015,2.62312e-008,1,1.97215e-031,1.97215e-031,1.77636e-015
5e-021,5.24624e-008,1,1.96957e-090,2.10406e-045,5e-021
5e-021,6.79299e-015,1,8.30989e-061,2.49297e-060,5e-021
9.05735e-015,0.5,0.5,2.25847e-231,2.25847e-231,5e-021
0.0600446,0.260193,0.359156,0.000368511,0.260193,0.0600446
0.0803429,0.479912,0.359156,9.45277e-008,0.000246207,0.0803429
0.0499173,0.540839,0.359156,4.72638e-008,0.000170072,0.0499173
0.00134357,0.0359051,0.961399,1.20793e-008,9.21009e-006,0.00134357
0.0285795,0.583582,0.359156,2.36319e-008,0.0001037,0.0285795
0.000440355,0.0216197,0.977496,3.99658e-009,3.11151e-006,0.000440355
0.000224794,0.0123836,0.987165,2.19898e-009,1.59324e-006,0.000224794
3.13213e-008,4.3767e-006,0.999996,1.13422e-012,3.72017e-010,3.13213e-008
0.0155785,0.609629,0.359156,1.1816e-008,5.79935e-005,0.0155785
0.000134618,0.0121248,0.987605,1.17784e-009,9.32623e-007,0.000134618
6.86033e-005,0.00690535,0.992957,6.39546e-010,4.73519e-007,6.86033e-005
3.49212e-009,9.46479e-007,0.999999,1.00246e-013,3.47081e-011,3.49212e-009
3.46603e-005,0.00371753,0.996213,3.35636e-010,2.38732e-007,3.46603e-005
9.90602e-010,3.67264e-007,1,2.59448e-014,8.90058e-012,9.90602e-010
5.79588e-010,6.45204e-008,1,3.26254e-013,4.13757e-012,5.79588e-010
1.63203e-013,1.72934e-008,1,5.32822e-025,1.31166e-020,1.63203e-013
0.00833442,0.624145,0.359156,5.90798e-009,3.07848e-005,0.00833442
4.11158e-005,0.00658559,0.993332,3.2355e-010,2.63665e-007,4.11158e-005
2.10447e-005,0.00373863,0.996219,1.74611e-010,1.33529e-007,2.10447e-005
4.33676e-010,2.12034e-007,1,8.151e-015,3.1375e-012,4.33676e-010
1.0661e-005,0.00200809,0.997971,9.12661e-011,6.7265e-008,1.0661e-005
1.36248e-010,8.86166e-008,1,2.10822e-015,8.08897e-013,1.36248e-010
9.09923e-011,7.79442e-008,1,1.05437e-015,4.04486e-013,9.09923e-011
5.55112e-016,5.86405e-008,1,5.35875e-029,7.80329e-023,5.55112e-016
5.37017e-006,0.0010527,0.998937,4.67358e-011,3.37695e-008,5.37017e-006
4.66773e-011,3.94065e-008,1,5.37002e-016,2.05969e-013,4.66773e-011
3.50353e-011,3.65886e-008,1,2.68535e-016,1.0299e-013,3.50353e-011
3.33067e-016,0.5,0.5,9.0139e-033,8.533e-024,3.33067e-016
2.92136e-011,1.41397e-009,1,6.29277e-015,4.53377e-014,2.92136e-011
3.21965e-015,0.5,0.5,4.94987e-030,5.95788e-024,3.21965e-015
3.55271e-015,0.75,0.25,1.23747e-030,2.97893e-024,3.55271e-015
0.125,0.625,0.25,1.53133e-060,1.10926e-048,5e-021
0.00450019,0.631828,0.359156,2.95399e-009,1.58768e-005,0.00450019
1.33321e-005,0.00358344,0.99639,8.5847e-011,7.3879e-008,1.33321e-005
6.88649e-006,0.0020306,0.997956,4.62798e-011,3.75056e-008,6.88649e-006
6.5902e-011,5.14584e-008,1,6.71573e-016,3.05344e-013,6.5902e-011
3.50678e-006,0.00108905,0.998904,2.41661e-011,1.89319e-008,3.50678e-006
2.33877e-011,2.27417e-008,1,1.74625e-016,7.95601e-014,2.33877e-011
1.77432e-011,2.08371e-008,1,8.73245e-017,3.97828e-014,1.77432e-011
5e-021,3.69718e-019,1,9.11742e-025,7.05877e-025,5e-021
1.77177e-006,0.000570102,0.999426,1.23672e-011,9.51666e-009,1.77177e-006
9.10982e-012,1.05242e-008,1,4.46188e-017,2.03882e-014,9.10982e-012
7.64894e-012,1.00205e-008,1,2.2311e-017,1.01945e-014,7.64894e-012
1.66533e-016,7.53066e-009,1,2.85556e-032,1.89955e-025,1.66533e-016
6.91885e-012,9.76859e-009,1,1.11559e-017,5.09734e-015,6.91885e-012
5.55112e-017,1.2113e-011,1,9.67664e-030,8.98301e-026,5.55112e-017
3e-021,2e-021,1,4.49219e-026,2e-021,3e-021
5e-021,9.78243e-029,1,7.60914e-044,4.49219e-046,5e-021
8.92151e-007,0.000297603,0.999701,6.25838e-012,4.77184e-009,8.92151e-007
3.88223e-012,5.03665e-009,1,1.12918e-017,5.18867e-015,3.88223e-012
3.50608e-012,4.90425e-009,1,5.64612e-018,2.59439e-015,3.50608e-012
1.11022e-016,5.26156e-012,1,4.95612e-030,2.29574e-026,1.11022e-016
3.31862e-012,4.83805e-009,1,2.82311e-018,1.29721e-015,3.31862e-012
5e-021,4.84469e-009,1,1.99249e-036,1.11441e-026,5e-021
0.125,0.75,0.125,1.24531e-037,4.17921e-027,5e-021
0.75,0.125,0.125,3.10159e-074,3.10159e-074,5e-021
3.22581e-012,3.3193e-011,1,1.17868e-016,5.32151e-016,3.22581e-012
1.66533e-016,5.6456e-012,1,4.75613e-029,4.00554e-027,1.66533e-016
5e-021,1.56735e-011,1,1.0133e-027,1.01329e-027,5e-021
5.55112e-017,1.56735e-011,1,2.866e-060,8.86621e-044,5.55112e-017
5.55112e-016,0.25,0.75,5.06576e-028,5.06572e-028,5.55112e-016
1.66533e-016,0.75,0.25,4.74012e-066,2.17718e-033,1.66533e-016
0.25,0.25,0.5,4.74012e-066,2.37006e-066,1e-020
1.5e-021,3.5e-021,1,2.5e-041,3.5e-021,1.5e-021
0.00252621,0.635784,0.359156,1.47699e-009,8.06459e-006,0.00252621
4.80913e-006,0.00201912,0.997971,2.2582e-011,2.14293e-008,4.80913e-006
2.51161e-006,0.00114282,0.998852,1.22166e-011,1.09575e-008,2.51161e-006
1.23938e-011,1.38224e-008,1,6.07852e-017,3.45079e-014,1.23938e-011
1.28678e-006,0.000612151,0.999385,6.38988e-012,5.5583e-009,1.28678e-006
4.87355e-012,6.34442e-009,1,1.59664e-017,9.109e-015,4.87355e-012
4.03466e-012,5.9514e-009,1,7.98382e-018,4.55473e-015,4.03466e-012
5e-021,6.05693e-012,1,8.0717e-030,4.21647e-026,5e-021
6.52383e-007,0.000319917,0.999679,3.27267e-012,2.802e-009,6.52383e-007
2.07323e-012,3.01027e-009,1,4.10277e-018,2.35159e-015,2.07323e-012
1.85485e-012,2.90614e-009,1,2.05147e-018,1.17583e-015,1.85485e-012
2.18332e-009,0.5,0.5,5.26066e-037,3.02048e-034,5.00001e-021
1.74455e-012,2.85407e-009,1,1.02576e-018,5.87923e-016,1.74455e-012
2.22045e-016,4.97891e-021,1,1.46567e-027,1.02563e-027,2.22045e-016
4.44089e-016,0.5,0.5,5.59843e-032,1.24549e-027,4.44089e-016
2.22045e-016,5.08405e-028,1,2.40073e-043,2.07407e-043,2.22045e-016
3.29274e-007,0.000166539,0.999833,1.65676e-012,1.40713e-009,3.29274e-007
9.41136e-013,1.46185e-009,1,1.04174e-018,6.01306e-016,9.41136e-013
8.84792e-013,1.43449e-009,1,5.20883e-019,3.00658e-016,8.84792e-013
5e-021,1.2701e-021,1,3.74085e-028,2.66203e-028,5e-021
8.56537e-013,1.37103e-011,1,3.47576e-017,1.15833e-016,8.56537e-013
5.14121e-012,0.5,0.5,1.51011e-034,1.66079e-033,5e-021
6.25e-022,3.125e-022,1,4.0625e-021,3.125e-022,6.25e-022
5e-021,1.25e-021,1,1.72177e-048,1.14785e-049,5e-021
8.43214e-013,5.14139e-012,1,3.18582e-017,4.34373e-017,8.43214e-013
2.77556e-016,1.08368e-024,1,1.36225e-028,9.15553e-030,2.77556e-016
5.55112e-017,0.5,0.5,8.39382e-031,7.18427e-029,5.55112e-017
1.11022e-016,0.5,0.5,3.52281e-061,1.24623e-042,1.11022e-016
0.4375,0.28125,0.28125,1.12068e-035,1.12068e-035,2e-020
0.15625,0.28125,0.5625,2.23276e-070,8.40511e-056,5e-021
0.421875,0.515625,0.0625,2.78392e-072,2.5e-021,7.5e-021
0.140625,0.140625,0.71875,2.366e-091,1.7745e-071,5e-021
1.66187e-007,8.79642e-005,0.999912,8.33618e-013,7.05151e-010,1.66187e-007
4.46143e-013,7.19739e-010,1,2.63146e-019,1.53854e-016,4.46143e-013
4.31322e-013,7.12446e-010,1,1.31575e-019,7.69274e-017,4.31322e-013
5.55112e-017,0.5,0.5,2.16399e-039,8.01001e-029,5.55112e-017
4.24327e-013,3.65476e-012,1,9.23292e-018,2.92967e-017,4.24327e-013
1.11022e-016,0.5,0.5,1.06558e-035,3.32173e-029,1.11022e-016
3.88578e-016,0.375,0.625,6.22585e-030,1.03764e-029,3.88578e-016
5e-021,4.85723e-016,1,1.15202e-045,2.66396e-036,5e-021
4.22329e-013,0.34375,0.65625,1.03538e-017,8.91111e-018,4.22329e-013
6.07264e-013,0.34375,0.65625,4.05189e-035,1.7088e-030,2.70164e-018
0.195313,0.195313,0.609375,4.32797e-019,3.60664e-019,3.65664e-019
0.195313,0.195313,0.609375,1.79597e-054,1.665e-037,5e-021
0.09375,0.46875,0.4375,5.82751e-037,6.24376e-037,2e-020
5e-021,0.53125,0.46875,2.07918e-073,1e-040,5e-021
0.59375,0.0625,0.34375,7.62365e-074,1.38612e-074,1e-020
0.21875,0.4375,0.34375,4.22691e-147,4.85141e-094,5e-021
4.19886e-013,0.5,0.5,4.81622e-018,4.81622e-018,4.19886e-013
1.11022e-016,0.5,0.5,1.1598e-035,4.04454e-030,1.11022e-016
8.08709e-013,0.5,0.5,3.79433e-032,3.79433e-032,5e-021
6.06532e-013,0.5,0.5,7.19848e-064,1.91931e-062,5e-021
0.75,0.125,0.125,1.18562e-032,1.18562e-032,1.0005e-020
0.75,0.125,0.125,2.81141e-064,2.81141e-064,5e-021
0.125,0.125,0.75,1.49393e-056,7.46964e-057,1e-020
5e-021,0.125,0.875,1.11591e-112,2.5e-041,5e-021
3.75e-021,0.5,0.5,4.0625e-021,5.3125e-021,3.75e-021
1.66667e-021,0.5,0.5,8.25195e-042,3.33333e-021,1.66667e-021
6.25e-022,3.125e-021,1,6.25e-021,3.125e-021,6.25e-022
8.33333e-022,8.33333e-022,1,3.33333e-021,8.33333e-022,8.33333e-022
0.375003,0.375,0.249997,3.20178e-073,7.49994e-021,1.25001e-020
0.375003,0.375,0.249997,1.02515e-145,4.80268e-093,5e-021
0.195314,0.195314,0.609372,1.87499e-041,1.56251e-041,5e-021
0.195314,0.195314,0.609372,1.07741e-178,3.125e-082,5e-021
0.0015245,0.637791,0.359156,7.38497e-010,4.06451e-006,0.0015245
1.97657e-006,0.00122046,0.998776,6.02426e-012,6.70171e-009,1.97657e-006
1.04137e-006,0.00069013,0.999308,3.28888e-012,3.4665e-009,1.04137e-006
2.78527e-012,4.18411e-009,1,6.436e-018,4.74539e-015,2.78527e-012
5.36065e-007,0.000369183,0.99963,1.72839e-012,1.77158e-009,5.36065e-007
1.17129e-012,1.96917e-009,1,1.71286e-018,1.26882e-015,1.17129e-012
1.0178e-012,1.87038e-009,1,8.56471e-019,6.34431e-016,1.0178e-012
1.87242e-009,0.5,0.5,9.16929e-038,9.16929e-038,5e-021
2.72502e-007,0.000192516,0.999807,8.87336e-013,8.96856e-010,2.72502e-007
5.23914e-013,9.49233e-010,1,4.4331e-019,3.29821e-016,5.23914e-013
4.83891e-013,9.23045e-010,1,2.21661e-019,1.64913e-016,4.83891e-013
6.66134e-016,1.6502e-016,1,1.10567e-031,1.82023e-028,6.66134e-016
4.65405e-013,9.09951e-010,1,1.10832e-019,8.24575e-017,4.65405e-013
5e-021,0.5,0.5,1.53546e-039,8.88552e-029,5e-021
1.11022e-016,0.25,0.75,2.22092e-029,2.22092e-029,1.11022e-016
0.25,0.375,0.375,4.26268e-069,1.2788e-068,5e-021
1.37786e-007,9.98159e-005,0.9999,4.49744e-013,4.51403e-010,1.37786e-007
2.45637e-013,4.65134e-010,1,1.13014e-019,8.46444e-017,2.45637e-013
2.35145e-013,1.70377e-009,1,3.10372e-020,4.23481e-017,2.35145e-013
4.26413e-010,0.5,0.5,1.20414e-040,4.93008e-037,5e-021
2.29483e-013,1.87685e-005,0.999981,1.72161e-017,3.97359e-018,2.29483e-013
5e-021,1.87685e-005,0.999981,3.85853e-035,1.98837e-022,5e-021
5e-021,0.500025,0.499975,1.67448e-044,2.74897e-030,5e-021
5e-021,2.50239e-005,0.999975,2.3016e-074,9.1643e-046,5e-021
2.26485e-013,2.07251e-007,1,2.64872e-018,7.94614e-018,2.26485e-013
5e-021,2.07251e-007,1,1.68141e-041,4.15496e-030,5e-021
5e-021,6.8988e-041,1,2.07807e-030,5.2901e-051,5e-021
3.125e-021,1.25e-021,1,6.25e-022,1.25e-021,3.125e-021
0.796875,0.046875,0.15625,3.9408e-043,1.9704e-043,2e-020
0.421875,0.09375,0.484375,1.25928e-068,1.25928e-068,5e-021
0.78125,0.15625,0.0625,7.92898e-097,5.52173e-085,1e-020
0.0937501,0.609375,0.296875,5.2538e-180,1.10435e-104,5e-021
6.96661e-008,5.23321e-005,0.999948,2.26429e-013,2.26473e-010,6.96661e-008
1.18738e-013,9.14793e-010,1,1.58005e-020,2.17153e-017,1.18738e-013
1.15852e-013,3.93888e-005,0.999961,3.21147e-024,1.08656e-017,1.15852e-013
5.55112e-017,0.50002,0.49998,1.28925e-048,6.45082e-029,5.55112e-017
1.14408e-013,0.125,0.875,4.07551e-018,1.35731e-018,1.14408e-013
2.0012e-013,0.875,0.125,1.60018e-042,1.09665e-034,6.78896e-021
2.77556e-016,0.125,0.875,5.37607e-031,1.79202e-031,2.77556e-016
1.66533e-016,0.875,0.125,1.28029e-084,1.20038e-042,1.66533e-016
1.11799e-013,0.875,0.125,2.1629e-019,2.50012e-018,1.11799e-013
2.236e-013,0.875,0.125,9.35627e-038,1.75116e-036,4.3758e-019
0.21875,0.21875,0.5625,1.76546e-037,8.57746e-020,1.10282e-019
5e-021,0.28125,0.71875,8.86532e-057,9.10673e-038,5e-021
0.625,0.125,0.25,4.30547e-038,2.15273e-038,1e-020
2.96314e-013,0.125,0.875,6.48797e-075,1.07637e-058,5e-021
2.5e-021,1.5e-021,1,1e-021,1.5e-021,2.5e-021
3.125e-021,1.25e-021,1,6.25e-022,1.25e-021,3.125e-021
1.12133e-013,0.384298,0.615702,7.81611e-019,5.76597e-019,1.12133e-013
1.66533e-016,2.84129e-019,1,1.52149e-031,2.14495e-019,1.66533e-016
3.88578e-016,0.692149,0.307851,6.06068e-038,1.67123e-019,3.88578e-016
3.33067e-016,0.692149,0.307851,2.98292e-075,1.85946e-035,3.33067e-016
3.33067e-016,0.281251,0.718749,1.00954e-028,4.93035e-029,3.33067e-016
2.22045e-016,0.656252,0.343748,1.01421e-057,3.33639e-044,2.22045e-016
1.11022e-016,0.808596,0.191404,2.79424e-076,1.66947e-044,1.11022e-016
5e-021,2.74087e-016,1,6.98026e-089,3.70697e-060,5e-021
0.389269,0.364197,0.246533,3.21151e-021,9.81587e-021,2.69726e-020
0.168576,0.584891,0.246533,9.45393e-042,1.41097e-040,1.00105e-020
0.434473,0.129494,0.436032,2.60598e-021,1.3723e-021,7.97486e-021
0.34422,0.570562,0.085218,3.56544e-119,1.00938e-079,5e-021
0.392565,0.323826,0.283608,6.21867e-022,4.35645e-021,1.50217e-020
0.575764,0.366054,0.0581817,2.75576e-155,1.04991e-097,5.75154e-021
0.575764,0.178628,0.245608,1.23503e-021,1.17705e-021,7.58791e-021
0.575764,0.178628,0.245608,2.24641e-193,2.27274e-173,5e-021
3.54124e-008,2.83012e-005,0.999972,1.13608e-013,1.13433e-010,3.54124e-008
5.85643e-014,6.22855e-008,1,5.09347e-022,5.63134e-018,5.85643e-014
5.73985e-014,2.83722e-005,0.999972,1.6134e-027,2.81593e-018,5.73985e-014
1.11022e-016,0.500014,0.499986,3.25392e-055,1.84208e-031,1.11022e-016
1.71696e-014,4.00624e-014,1,1.40797e-018,4.00624e-014,1.71696e-014
1.11022e-016,1.78659e-006,0.999998,2.78771e-037,9.43299e-025,1.11022e-016
4.44089e-016,0.5,0.5,2.12777e-043,2.19983e-030,4.44089e-016
1.11022e-016,0.5,0.5,2.2637e-086,9.76919e-046,1.11022e-016
5.85643e-014,0.25,0.75,4.02459e-019,3.01526e-019,5.85643e-014
5.55112e-017,3.01526e-019,1,4.11894e-032,5.04668e-020,5.55112e-017
1.66533e-016,2.10755e-013,1,1.14289e-038,2.6878e-032,1.66533e-016
5e-021,5.31328e-014,1,1.15195e-070,5.96933e-048,5e-021
1.4988e-015,3.64738e-014,1,9.93272e-033,3.3109e-033,1.4988e-015
5.55112e-017,1.94289e-015,1,7.02326e-054,2.05856e-047,5.55112e-017
3.33067e-016,0.125,0.875,6.61685e-048,2.20562e-048,3.33067e-016
5e-021,4.44089e-016,1,4.0493e-093,3.91796e-063,5e-021
5.75651e-014,0.875,0.125,3.61535e-020,3.15839e-019,5.75651e-014
0.375,0.25,0.375,8.97702e-039,7.49746e-039,1.1346e-019
0.328125,0.1875,0.484375,8.32697e-021,1.66539e-020,4.16349e-020
0.0703125,0.617188,0.3125,8.30985e-078,5.54708e-040,5e-021
0.0953674,0.257111,0.647522,1.39597e-020,1.40054e-020,7.26829e-021
5.55112e-017,0.0572205,0.94278,2.12747e-040,5.23643e-021,5.55112e-017
0.257874,0.499878,0.242249,1.47804e-060,3.91736e-041,1e-020
0.257874,0.499878,0.242249,2.25451e-120,1.19506e-100,5e-021
0.375,0.078125,0.546875,9.33047e-034,1.92098e-034,7e-020
0.375,0.078125,0.546875,3.85584e-067,9.6396e-068,5e-021
0.195313,0.429688,0.375,8.56853e-068,1.5625e-021,8.4375e-021
0.0546875,0.132813,0.8125,5.97929e-101,1.28528e-087,5e-021
0.375,0.078125,0.546875,1.18002e-053,2.42944e-054,3e-020
0.453125,0.078125,0.46875,4.6254e-107,1.5418e-107,5e-021
0.195313,0.429688,0.375,1.37049e-107,1.5625e-021,8.4375e-021
0.171875,0.453125,0.375,8.71067e-268,1.58897e-181,5e-021
5.7232e-014,0.5,0.5,8.79981e-020,8.79981e-020,5.7232e-014
1.06519e-013,0.5,0.5,3.87184e-039,7.08922e-034,5e-021
1.11022e-016,0.5,0.5,9.4158e-035,4.9275e-033,1.11022e-016
1.66533e-016,0.5,0.5,4.43286e-069,1.14584e-047,1.66533e-016
0.125,0.125,0.75,1.17498e-020,5.87492e-021,1.08749e-020
0.375,0.125,0.5,7.46155e-054,3.73078e-054,5e-021
0.125,0.125,0.75,9.95133e-041,4.97567e-041,5e-021
0.125,0.5,0.375,1.00327e-107,4.95145e-081,5e-021
0.27965,0.493944,0.226405,2.41499e-021,1.69091e-020,2.06759e-020
0.193318,0.580276,0.226405,6.43998e-042,1.00183e-040,8.89131e-021
0.147855,0.156639,0.695506,3.65907e-041,3.45152e-021,9.40982e-021
0.223141,0.210696,0.566163,1.62095e-082,4.84592e-082,5e-021
0.337302,0.516314,0.146384,5.83041e-068,5.59265e-021,1.44074e-020
0.0865477,0.767068,0.146384,5.57427e-148,2.34091e-067,5e-021
0.742294,0.042951,0.214755,9.81501e-162,1.963e-162,1e-020
0.656392,0.300657,0.042951,2.47033e-323,1.58101e-322,5e-021
1.16573e-015,0.630738,0.369262,1.4941e-032,3.04752e-032,1.16573e-015
1.66533e-016,0.630738,0.369262,1.51134e-064,4.8898e-033,1.66533e-016
5.55112e-017,3.33067e-036,1,1e-020,3.33067e-036,5.55112e-017
1.11022e-016,2.5e-041,1,3.02532e-067,2.5e-041,1.11022e-016
5.55112e-016,0.439455,0.560545,4.64829e-048,5.43616e-048,5.55112e-016
1.11022e-016,0.158204,0.841796,1.82735e-095,1.41812e-048,1.11022e-016
0.355958,0.395508,0.248534,1.32812e-021,4.45313e-021,4.21875e-021
0.751466,0.0395507,0.208983,6.20123e-175,3.10062e-175,5e-021
0.430848,0.492858,0.0762935,4.61625e-049,6.83592e-021,1.31641e-020
0.430848,0.492858,0.0762935,6.98283e-097,2.06809e-068,5e-021
0.396516,0.420379,0.183105,2.462e-069,1.18176e-068,1e-020
0.102784,0.0183106,0.878905,1.58899e-136,3.35177e-117,5e-021
0.923706,0.0190734,0.0572201,3.40642e-155,1.13547e-155,2e-020
0.668885,0.197601,0.133514,1.18294e-308,8.72045e-175,5e-021
0.414094,0.263947,0.321959,2.40015e-143,4.46429e-143,1e-020
0.11963,0.263947,0.616424,1.88768e-285,1.88768e-285,5e-021
0.320422,0.175805,0.183167,9.39691e-005,9.01924e-005,0.320422
0.0803739,0.480157,0.358972,2.36199e-008,0.000123167,0.0803739
0.0498565,0.54123,0.358971,1.18099e-008,8.51029e-005,0.0498565
0.00132464,0.0358335,0.961513,3.02046e-009,4.59587e-006,0.00132464
0.0284413,0.584094,0.358971,5.90497e-009,5.19029e-005,0.0284413
0.000426326,0.0215006,0.977645,9.98713e-010,1.5459e-006,0.000426326
0.000216964,0.0122921,0.987273,5.49308e-010,7.90715e-007,0.000216964
2.6255e-008,3.46192e-006,0.999996,2.76552e-013,1.75021e-010,2.6255e-008
0.0153879,0.610224,0.358971,2.95249e-009,2.90307e-005,0.0153879
0.000125934,0.0119693,0.987778,2.93858e-010,4.59181e-007,0.000125934
6.38386e-005,0.00680408,0.993068,1.59435e-010,2.32701e-007,6.38386e-005
2.51409e-009,6.67053e-007,0.999999,2.37716e-014,1.54019e-011,2.51409e-009
3.21539e-005,0.00364942,0.996286,8.36358e-011,1.17176e-007,3.21539e-005
6.65783e-010,2.34418e-007,1,6.13195e-015,3.92089e-012,6.65783e-010
3.53909e-010,5.87563e-008,1,7.96946e-014,1.88397e-012,3.53909e-010
4.06897e-014,0.5,0.5,7.93905e-028,3.0372e-021,4.06897e-014
0.00811291,0.624787,0.358971,1.47624e-009,1.54118e-005,0.00811291
3.6231e-005,0.00640731,0.99352,8.0444e-011,1.27538e-007,3.6231e-005
1.83894e-005,0.00363088,0.996332,4.33466e-011,6.43768e-008,1.83894e-005
2.49252e-010,1.31092e-007,1,1.83611e-015,1.26279e-012,2.49252e-010
9.27091e-006,0.00194327,0.998038,2.26372e-011,3.23599e-008,9.27091e-006
7.00229e-011,5.03533e-008,1,4.72236e-016,3.22037e-013,7.00229e-011
4.06843e-011,4.13591e-008,1,2.36171e-016,1.61028e-013,4.06843e-011
5.4138e-021,3.11009e-008,1,4.76771e-030,1.14513e-023,5.4138e-021
4.65626e-006,0.00101164,0.998979,1.1587e-011,1.62258e-008,4.65626e-006
2.0739e-011,2.09293e-008,1,1.19894e-016,8.14177e-014,2.0739e-011
1.32693e-011,2.35615e-009,1,2.9938e-015,3.77763e-014,1.32693e-011
1.77636e-015,0.5,0.5,1.12035e-030,4.06831e-024,1.77636e-015
9.53576e-012,1.17815e-009,1,1.49718e-015,1.88882e-014,9.53576e-012
5.55112e-016,0.5,0.5,2.80194e-031,1.07645e-024,5.55112e-016
5.55112e-016,0.5,0.5,1.02382e-030,5.38223e-025,5.55112e-016
5e-021,0.5,0.5,5.241e-061,1.28273e-039,5e-021
0.0042618,0.632497,0.358971,7.38122e-010,7.94876e-006,0.0042618
1.07036e-005,0.00339233,0.996586,2.11962e-011,3.45808e-008,1.07036e-005
5.46574e-006,0.00191912,0.99807,1.13929e-011,1.74563e-008,5.46574e-006
2.90129e-011,2.79341e-008,1,1.38612e-016,1.0636e-013,2.90129e-011
2.76519e-006,0.00102589,0.998969,5.93941e-012,8.77908e-009,2.76519e-006
9.04509e-012,1.16121e-008,1,3.57264e-017,2.73249e-014,9.04509e-012
6.00892e-012,1.01958e-008,1,1.78653e-017,1.36631e-014,6.00892e-012
5.10993e-009,0.5,0.5,3.98963e-035,6.10637e-032,5.00017e-021
1.39155e-006,0.000533608,0.999464,3.03697e-012,4.40376e-009,1.39155e-006
3.07421e-012,5.14522e-009,1,9.08219e-018,6.93864e-015,3.07421e-012
2.29666e-012,4.77452e-009,1,4.54138e-018,3.46941e-015,2.29666e-012
2.22045e-016,0.5,0.5,2.57802e-036,1.88228e-026,2.22045e-016
1.90725e-012,4.58915e-009,1,2.27076e-018,1.73472e-015,1.90725e-012
5e-021,8.75267e-021,1,5.21552e-027,3.30856e-027,5e-021
6.10623e-016,0.75,0.25,1.61136e-037,4.26156e-027,6.10623e-016
5e-021,3.46945e-016,1,8.87115e-043,1.61138e-037,5e-021
6.98459e-007,0.000275119,0.999723,1.53619e-012,2.20564e-009,6.98459e-007
1.16402e-012,2.39751e-009,1,2.29102e-018,1.75191e-015,1.16402e-012
9.6656e-013,2.30158e-009,1,1.14555e-018,8.75968e-016,9.6656e-013
5e-021,0.5,0.5,1.64036e-037,2.16639e-027,5e-021
8.67029e-013,2.25361e-009,1,5.72784e-019,4.37987e-016,8.67029e-013
5e-021,2.25535e-009,1,8.20205e-038,1.02578e-027,5e-021
6.10623e-016,0.5,0.5,1.61491e-028,3.51294e-028,6.10623e-016
1.11022e-016,0.5,0.5,1.30396e-056,2.84653e-043,1.11022e-016
8.14571e-013,2.4023e-011,1,2.67113e-017,1.92569e-016,8.14571e-013
1.66533e-016,2.56521e-011,1,1.78374e-034,4.99451e-028,1.66533e-016
6.25e-022,3.125e-021,1,1.25e-021,3.125e-021,6.25e-022
5e-021,1.2837e-016,1,1.16965e-044,1.60286e-044,5e-021
2.66454e-016,6.21725e-016,1,1.24822e-028,6.21725e-016,2.66454e-016
5e-021,1.77636e-015,1,2.78312e-063,1.11436e-043,5e-021
1.5e-021,2.5e-021,1,1e-021,2.5e-021,1.5e-021
5e-021,2.56524e-011,1,1.5447e-140,5.57181e-064,5e-021
0.002279,0.636466,0.358971,3.69061e-010,4.03767e-006,0.002279
3.40949e-006,0.0018212,0.998172,5.50054e-012,9.47839e-009,3.40949e-006
1.7586e-006,0.00102933,0.998967,2.95908e-012,4.80305e-009,1.7586e-006
4.26198e-012,6.61123e-009,1,1.0981e-017,9.97077e-015,4.26198e-012
8.94679e-007,0.000549823,0.999448,1.54304e-012,2.4222e-009,8.94679e-007
1.50469e-012,2.91352e-009,1,2.84955e-018,2.59147e-015,1.50469e-012
1.13859e-012,2.66788e-009,1,1.42487e-018,1.29578e-015,1.13859e-012
4.44089e-016,1.33622e-009,1,4.62088e-034,3.37774e-027,4.44089e-016
4.51618e-007,0.000285778,0.999713,7.89048e-013,1.21701e-009,4.51618e-007
5.83422e-013,1.34591e-009,1,7.27162e-019,6.62397e-016,5.83422e-013
4.88498e-013,1.28147e-009,1,3.63594e-019,3.31205e-016,4.88498e-013
5e-021,0.5,0.5,1.6525e-038,3.95001e-028,5e-021
4.41702e-013,1.24924e-009,1,1.818e-019,1.65604e-016,4.41702e-013
1.66533e-016,1.25012e-009,1,8.26281e-039,1.86782e-028,1.66533e-016
1.5e-021,2.5e-021,1,1e-021,2.5e-021,1.5e-021
5e-021,0.875,0.125,5.33391e-079,1.03285e-039,5e-021
2.27103e-007,0.0001472,0.999852,3.9913e-013,6.1009e-010,2.27103e-007
2.47968e-013,6.43476e-010,1,1.83825e-019,1.67933e-016,2.47968e-013
2.2421e-013,1.67158e-011,1,1.47823e-017,6.92768e-017,2.2421e-013
5.55112e-017,3.363e-013,1,8.28947e-031,1.41564e-028,5.55112e-017
2.11331e-013,1.72297e-007,1,1.41954e-020,4.20156e-017,2.11331e-013
2.22045e-016,8.61491e-008,1,1.49157e-037,1.23179e-027,2.22045e-016
1.11022e-016,6.46118e-008,1,1.53972e-028,4.61917e-028,1.11022e-016
3.125e-021,1.25e-021,1,6.25e-022,1.25e-021,3.125e-021
2.07834e-013,4.179e-012,1,3.69574e-018,1.73192e-017,2.07834e-013
5e-021,4.59468e-012,1,3.41462e-036,1.209e-029,5e-021
2.22045e-016,4.59424e-012,1,1.70731e-036,6.04264e-030,2.22045e-016
1.66533e-016,2.55031e-028,1,3.39356e-046,3.35434e-046,1.66533e-016
0.59375,0.0625,0.34375,2.93444e-037,5.33534e-038,2e-020
0.21875,0.1875,0.59375,5.33534e-058,3.2012e-057,5e-021
0.125,0.625,0.25,2.27727e-074,7.5e-021,2.5e-021
0.625,0.1875,0.1875,3.88946e-148,5.69317e-095,5e-021
1.14072e-007,7.62081e-005,0.999924,2.00745e-013,3.05454e-010,1.14072e-007
1.12666e-013,8.69339e-012,1,7.69591e-018,3.48438e-017,1.12666e-013
1.06026e-013,3.09795e-010,1,2.31285e-020,2.12469e-017,1.06026e-013
2.77556e-016,1.55109e-010,1,1.22986e-037,5.83466e-030,2.77556e-016
1.03584e-013,6.70629e-010,1,5.73292e-021,1.06293e-017,1.03584e-013
6.70836e-010,0.5,0.5,4.10829e-042,4.10829e-042,5e-021
3.88578e-016,0.25,0.75,7.55499e-031,7.55499e-031,3.88578e-016
5e-021,0.375,0.625,1.16393e-072,1.02791e-042,5e-021
1.02252e-013,0.0376292,0.962371,5.04635e-018,2.71172e-019,1.02252e-013
5.84341e-019,0.135684,0.864316,5.50925e-036,5.43136e-031,3.35081e-019
0.0703143,0.0653702,0.864316,2.64417e-036,4.20892e-037,7.57778e-019
0.0703143,0.0653702,0.864316,2.02231e-072,4.90859e-073,5e-021
0.485846,0.511683,0.0024718,6.89794e-049,5.97648e-021,1.40235e-020
0.485846,0.190429,0.323725,8.28392e-058,1.65678e-057,5e-021
3e-021,0.997528,0.0024718,2.40623e-095,2e-021,3e-021
3.75e-021,0.997528,0.0024718,5.85599e-188,1.25e-021,3.75e-021
1.00364e-013,0.281252,0.718748,1.84867e-018,8.10095e-019,1.00364e-013
2.00951e-013,0.483401,0.516599,7.97762e-037,9.6949e-037,5.07414e-019
0.0791026,0.404298,0.516599,3.91978e-037,1.86341e-019,7.29166e-020
0.0791026,0.29883,0.622067,1.07383e-056,5.99562e-056,5e-021
6.25e-022,3.125e-021,1,7.25e-021,3.125e-021,6.25e-022
